
StartChar: Adieresis.antiqua
Encoding: 57460 57460 560
Width: 600
VWidth: 0
Flags: W
HStem: 0 90<45 80 520 555> 405 90<263 338> 720 90<250 350> 869 120<135 225 375 465>
VStem: 135 90<869 989> 375 90<869 989>
DStem2: 80 90 165 39 0.123855 0.9923<0 646.205> 435 771 350 720 0.123855 -0.9923<40.0796 686.284>
LayerCount: 2
Fore
Refer: 187 168 N 1 0 0 1 105 269 2
Refer: 533 57425 N 1 0 0 1 0 0 3
EndChar
