
StartChar: Adieresis
Encoding: 196 196 485
Width: 600
VWidth: 0
Flags: W
HStem: 0 90<525 555> 720 90<75 247.375 525 555> 871 120<150 240 390 480>
VStem: 150 90<871 991> 296 89<523.391 681.461> 390 90<871 991> 435 90<163 720>
DStem2: 82 159 184 153 0.503339 0.864089<46.156 251.105> 184 153 100 95 0.894427 -0.447214<0 129.692> 300 95 320 5 0.8931 0.449858<0 105.723>
LayerCount: 2
Fore
Refer: 187 168 S 1 0 0 1 120 271 2
Refer: 79 65 N 1 0 0 1 0 0 3
Substitution2: "'ss01' Antiqua-Versalien-1" Adieresis.antiqua
EndChar
