
StartChar: Atilde
Encoding: 195 195 484
Width: 600
VWidth: 0
Flags: W
HStem: 0 90<525 555> 720 90<75 247.375 525 555> 900 90<135 180 450 495>
VStem: 296 89<523.391 681.461> 435 90<163 720>
DStem2: 82 159 184 153 0.503339 0.864089<46.156 251.105> 184 153 100 95 0.894427 -0.447214<0 129.692> 282 1026 255 934 0.798968 -0.601374<33.7542 116.4> 300 95 320 5 0.8931 0.449858<0 105.723>
LayerCount: 2
Fore
Refer: 200 771 N 1 0 0 1 105 270 2
Refer: 79 65 N 1 0 0 1 0 0 3
EndChar
