
StartChar: Cacute
Encoding: 262 262 241
Width: 600
VWidth: 0
Flags: W
HStem: 0 90<224.241 352.405> 45 90<488.438 555> 675 90<518 555> 717 93<187.33 225 388.258 414.236> 870 90<210 240> 960 90<390 420>
VStem: 75 90<216.094 657.455> 225 90<248 652>
DStem2: 240 960 282 879 0.8 0.6<0 120> 325 90 341 1 0.969816 0.243839<-16.9153 212.085> 406 807 397 714 0.936329 -0.351123<24.2275 119.616>
LayerCount: 2
Fore
Refer: 201 769 S 1 0 0 1 180 285 2
Refer: 81 67 N 1 0 0 1 0 0 3
EndChar
