
StartChar: Dcaron
Encoding: 270 270 249
Width: 600
VWidth: 0
Flags: W
HStem: 0 90<45 75 255 345> 720 90<45 189.955> 959 90<120 150 420 450>
VStem: 75 90<163 566> 435 90<163 413.5>
DStem2: 88 617 165 566 0.707107 0.707107<18.3848 144.25> 165 163 165 62 0.8931 -0.449858<45.4356 151.159> 258 878 285 970 0.8 -0.6<-135 -33.6> 300 95 320 5 0.894427 0.447214<0 159.37> 420 959 378 1040 0.8 0.6<-101.4 0>
LayerCount: 2
Fore
Refer: 198 780 N 1 0 0 1 90 284 2
Refer: 82 68 N 1 0 0 1 0 0 3
EndChar
