
StartChar: Dcroat
Encoding: 272 272 251
Width: 600
VWidth: 909
Flags: W
HStem: 0 90<45 75 255 345> 405 90<45 75 165 300> 720 90<45 189.955>
VStem: 75 90<163 405 495 566> 435 90<163 413.5>
DStem2: 88 617 165 566 0.707107 0.707107<18.3848 144.25> 300 95 320 5 0.894427 0.447214<0 159.37>
LayerCount: 2
Fore
Refer: 112 208 N 1 0 0 1 0 0 2
EndChar
