
StartChar: Ecaron
Encoding: 282 282 261
Width: 600
VWidth: 0
Flags: W
HStem: 0 90<224.241 352.405> 45 90<488.438 555> 405 90<315 555> 675 90<518 555> 717 93<187.33 225 388.258 414.236> 959 90<165 195 465 495>
VStem: 75 90<216.094 657.455> 225 90<248 405 495 652>
DStem2: 325 90 341 1 0.969816 0.243839<-16.9153 212.085> 303 878 330 970 0.8 -0.6<-135 -33.6> 406 807 397 714 0.936329 -0.351123<24.2275 119.616> 465 959 423 1040 0.8 0.6<-101.4 0>
LayerCount: 2
Fore
Refer: 198 780 N 1 0 0 1 135 284 2
Refer: 83 69 N 1 0 0 1 0 0 3
EndChar
