
StartChar: Ecircumflex
Encoding: 202 202 489
Width: 600
VWidth: 0
Flags: W
HStem: 0 90<224.241 352.405> 45 90<488.438 555> 405 90<315 555> 675 90<518 555> 717 93<187.33 225 388.258 414.236> 869 90<165 195 465 495>
VStem: 75 90<216.094 657.455> 225 90<248 405 495 652>
DStem2: 195 959 237 878 0.8 0.6<0 101.4> 325 90 341 1 0.969816 0.243839<-16.9153 212.085> 357 1040 330 948 0.8 -0.6<33.6 135> 406 807 397 714 0.936329 -0.351123<24.2275 119.616>
LayerCount: 2
Fore
Refer: 354 770 N 1 0 0 1 135 284 2
Refer: 83 69 N 1 0 0 1 0 0 3
EndChar
