
StartChar: Edotaccent
Encoding: 278 278 257
Width: 600
VWidth: 0
Flags: W
HStem: 0 90<224.241 352.405> 45 90<488.438 555> 405 90<315 555> 675 90<518 555> 717 93<187.33 225 388.258 414.236> 869 149
VStem: 75 90<216.094 657.455> 225 90<248 405 495 652> 255 150
DStem2: 255 944 330 869 0.716471 0.697617<1.41409 106.075> 325 90 341 1 0.969816 0.243839<-16.9153 212.085> 406 807 397 714 0.936329 -0.351123<24.2275 119.616>
LayerCount: 2
Fore
Refer: 356 775 N 1 0 0 1 225 254 2
Refer: 83 69 N 1 0 0 1 0 0 3
EndChar
