
StartChar: Egrave
Encoding: 200 200 487
Width: 600
VWidth: 0
Flags: W
HStem: 0 90<224.241 352.405> 45 90<488.438 555> 405 90<315 555> 675 90<518 555> 717 93<187.33 225 388.258 414.236> 869 90<386.511 420.155> 869 180 959 90<184.644 218.289>
VStem: 75 90<216.094 657.455> 184.644 235.511 225 90<248 405 495 652>
DStem2: 265.391 1040 218.289 959 0.831247 -0.555904<16.1899 145.709> 325 90 341 1 0.969816 0.243839<-16.9153 212.085> 406 807 397 714 0.936329 -0.351123<24.2275 119.616>
LayerCount: 2
Fore
Refer: 196 768 S 1.12148 0 0 1 151 284 2
Refer: 83 69 N 1 0 0 1 0 0 3
EndChar
