
StartChar: Gcircumflex
Encoding: 284 284 263
Width: 615
VWidth: 0
Flags: W
HStem: 0 90<224.241 352.72> 405 91<315 438.891> 675 90<518 555> 717 93<187.33 225 388.258 414.236> 869 90<165 195 465 495>
VStem: 75 90<216.094 657.455> 225 90<248 405 496 652> 465 90<125 375.81>
DStem2: 195 959 237 878 0.8 0.6<0 101.4> 357 1040 330 948 0.8 -0.6<33.6 135> 406 807 397 714 0.936329 -0.351123<24.2275 119.616> 465 125 341 1 0.970142 0.242536<-161.105 5.09905>
LayerCount: 2
Fore
Refer: 354 770 N 1 0 0 1 135 284 2
Refer: 85 71 N 1 0 0 1 0 0 3
EndChar
