
StartChar: Hcircumflex
Encoding: 292 292 271
Width: 600
VWidth: 0
Flags: W
HStem: -180 90<405 435> 0 90<45 75> 405 90<165 410.013> 675 90<458.438 525> 869 90<136 166 436 466>
VStem: 75 90<90 405 495 647> 435 90<-90 378>
DStem2: 100 715 165 647 0.894427 0.447214<27.7272 184.252> 166 959 208 878 0.8 0.6<0 101.4> 328 1040 301 948 0.8 -0.6<33.6 135> 311 809 305 717 0.969816 -0.243839<16.6143 218.269>
LayerCount: 2
Fore
Refer: 354 770 N 1 0 0 1 106 284 2
Refer: 86 72 N 1 0 0 1 0 0 3
EndChar
