
StartChar: Iacute
Encoding: 205 205 492
Width: 570
VWidth: 0
Flags: W
HStem: 90 90<45 79> 405 90<375 405 495 525> 720 90<45 298.441 495 525> 869 90<171 201> 869 180 959 90<351 381>
VStem: 171 210 405 90<125 405 495 647>
DStem2: 110 175 79 90 0.895472 -0.445118<10.0754 184.253> 201 959 243 878 0.8 0.6<0 120> 275 93 281 1 0.970142 0.242536<0 133.88>
LayerCount: 2
Fore
Refer: 201 769 S 1 0 0 1 141 284 2
Refer: 87 73 N 1 0 0 1 0 0 3
EndChar
