
StartChar: Icircumflex
Encoding: 206 206 493
Width: 570
VWidth: 0
Flags: W
HStem: 90 90<45 79> 405 90<375 405 495 525> 720 90<45 298.441 495 525> 869 90<120 150 420 450>
VStem: 405 90<125 405 495 647>
DStem2: 110 175 79 90 0.895472 -0.445118<10.0754 184.253> 150 959 192 878 0.8 0.6<0 101.4> 275 93 281 1 0.970142 0.242536<0 133.88> 312 1040 285 948 0.8 -0.6<33.6 135>
LayerCount: 2
Fore
Refer: 354 770 N 1 0 0 1 90 284 2
Refer: 87 73 N 1 0 0 1 0 0 3
EndChar
