
StartChar: Idieresis
Encoding: 207 207 494
Width: 570
VWidth: 0
Flags: W
HStem: 90 90<45 79> 405 90<375 405 495 525> 720 90<45 298.441 495 525> 865 120<120 210 360 450>
VStem: 120 90<865 985> 360 90<865 985> 405 90<125 405 495 647>
DStem2: 110 175 79 90 0.895472 -0.445118<10.0754 184.253> 275 93 281 1 0.970142 0.242536<0 133.88>
LayerCount: 2
Fore
Refer: 187 168 N 1 0 0 1 90 265 2
Refer: 87 73 N 1 0 0 1 0 0 3
EndChar
