
StartChar: Idotaccent
Encoding: 304 304 283
Width: 570
VWidth: 0
Flags: W
HStem: 90 90<45 79> 405 90<375 405 495 525> 720 90<45 298.441 495 525> 869 149
VStem: 210 150 405 90<125 405 495 647>
DStem2: 110 175 79 90 0.895472 -0.445118<10.0754 184.253> 210 944 285 869 0.716471 0.697617<1.41409 106.075> 275 93 281 1 0.970142 0.242536<0 133.88>
LayerCount: 2
Fore
Refer: 356 775 N 1 0 0 1 180 254 2
Refer: 87 73 N 1 0 0 1 0 0 3
EndChar
