
StartChar: Itilde
Encoding: 296 296 275
Width: 570
VWidth: 0
Flags: W
HStem: 90 90<45 79> 405 90<375 405 495 525> 720 90<45 298.441 495 525> 914 90<105 150 420 465>
VStem: 405 90<125 405 495 647>
DStem2: 110 175 79 90 0.895472 -0.445118<10.0754 184.253> 252 1040 225 948 0.798968 -0.601374<33.7542 116.4> 275 93 281 1 0.970142 0.242536<0 133.88>
LayerCount: 2
Fore
Refer: 200 771 N 1 0 0 1 75 284 2
Refer: 87 73 N 1 0 0 1 0 0 3
EndChar
