
StartChar: Lacute
Encoding: 313 313 288
Width: 570
VWidth: 0
Flags: W
HStem: 0 90<45 75 271.415 525> 450 90<255 393.689> 720 90<277.28 394.614> 869 90<209 239> 959 90<389 419>
VStem: 75 90<163 685> 435 90<575.948 685.054>
DStem2: 109 764 165 685 0.970142 0.242536<35.1677 196.273> 239 959 281 878 0.8 0.6<0 120>
LayerCount: 2
Fore
Refer: 201 769 S 1 0 0 1 179 284 2
Refer: 91 76 N 1 0 0 1 0 0 3
EndChar
