
StartChar: Lcaron
Encoding: 317 317 292
Width: 570
VWidth: 0
Flags: W
HStem: 0 90<45 75 271.415 525> 450 90<255 393.689> 720 90<277.28 394.614> 957 90<135 165 435 465>
VStem: 75 90<163 685> 435 90<575.948 685.054>
DStem2: 109 764 165 685 0.970142 0.242536<35.1677 196.273> 273 876 300 968 0.8 -0.6<-135 -33.6> 435 957 393 1038 0.8 0.6<-101.4 0>
LayerCount: 2
Fore
Refer: 355 774 N 1 0 0 1 105 282 2
Refer: 91 76 N 1 0 0 1 0 0 2
EndChar
