
StartChar: Lcommaaccent
Encoding: 315 315 290
Width: 570
VWidth: 0
Flags: W
HStem: -180 90<134 164> -90 90<254 284> 0 90<45 75 271.415 525> 450 90<255 393.689> 720 90<277.28 394.614>
VStem: 75 90<163 685> 164 90<-135 -45> 435 90<575.948 685.054>
DStem2: 109 764 165 685 0.970142 0.242536<35.1677 196.273>
LayerCount: 2
Fore
Refer: 199 806 S 1 0 0 1 104 0 2
Refer: 91 76 N 1 0 0 1 0 0 3
EndChar
