
StartChar: Ldot
Encoding: 319 319 294
Width: 570
VWidth: 0
Flags: W
HStem: 0 90<45 75 271.415 525> 450 90<255 393.689> 720 90<277.28 394.614>
VStem: 75 90<163 685> 435 90<575.948 685.054>
DStem2: 109 764 165 685 0.970142 0.242536<35.1677 196.273> 281 279 356 204 0.716471 0.697617<1.41409 106.075>
LayerCount: 2
Fore
Refer: 192 183 S 1 0 0 1 236 -81 2
Refer: 91 76 N 1 0 0 1 0 0 3
EndChar
