
StartChar: Nacute
Encoding: 323 323 298
Width: 600
VWidth: 0
Flags: W
HStem: 0 90<45 75 525 555> 720 90<45 75 255 345> 869 90<190 220> 869 180 959 90<370 400>
VStem: 75 90<90 647> 190 210 435 90<90 647>
DStem2: 165 748 165 647 0.8931 0.449858<0 105.723> 220 959 262 878 0.8 0.6<0 120> 320 805 300 715 0.894427 -0.447214<22.3607 173.519>
LayerCount: 2
Fore
Refer: 201 769 N 1 0 0 1 160 284 2
Refer: 93 78 N 1 0 0 1 0 0 3
EndChar
