
StartChar: Ncaron
Encoding: 327 327 302
Width: 600
VWidth: 0
Flags: W
HStem: 0 90<45 75 525 555> 720 90<45 75 255 345> 959 90<135 165 435 465>
VStem: 75 90<90 647> 435 90<90 647>
DStem2: 165 748 165 647 0.8931 0.449858<0 105.723> 273 878 300 970 0.8 -0.6<-135 -33.6> 320 805 300 715 0.894427 -0.447214<22.3607 173.519> 435 959 393 1040 0.8 0.6<-101.4 0>
LayerCount: 2
Fore
Refer: 198 780 S 1 0 0 1 105 284 2
Refer: 93 78 N 1 0 0 1 0 0 3
EndChar
