
StartChar: Ncommaaccent
Encoding: 325 325 300
Width: 600
VWidth: 0
Flags: W
HStem: -179 90<225 255> -89 90<345 375> 0 90<45 75 525 555> 720 90<45 75 255 345>
VStem: 75 90<90 647> 255 90<-134 -44> 435 90<90 647>
DStem2: 165 748 165 647 0.8931 0.449858<0 105.723> 320 805 300 715 0.894427 -0.447214<22.3607 173.519>
CounterMasks: 1 0e
LayerCount: 2
Fore
Refer: 199 806 N 1 0 0 1 195 1 2
Refer: 93 78 N 1 0 0 1 0 0 3
EndChar
