
StartChar: Ntilde
Encoding: 209 209 495
Width: 600
VWidth: 0
Flags: W
HStem: 0 90<45 75 525 555> 720 90<45 75 255 345> 912 90<121 166 436 481>
VStem: 75 90<90 647> 435 90<90 647>
DStem2: 165 748 165 647 0.8931 0.449858<0 105.723> 268 1038 241 946 0.798968 -0.601374<33.7542 116.4> 320 805 300 715 0.894427 -0.447214<22.3607 173.519>
LayerCount: 2
Fore
Refer: 200 771 N 1 0 0 1 91 282 2
Refer: 93 78 N 1 0 0 1 0 0 3
EndChar
