
StartChar: Oacute
Encoding: 211 211 497
Width: 630
VWidth: 0
Flags: W
HStem: 0 90<224.241 352.72> 720 90<405 444.447> 869 90<210 240> 959 90<390 420>
VStem: 75 90<216.094 657.455> 225 90<248 652> 465 90<125 376.051>
DStem2: 240 959 282 878 0.8 0.6<0 120> 465 125 341 1 0.970142 0.242536<-161.105 3.51957>
LayerCount: 2
Fore
Refer: 201 769 N 1 0 0 1 180 284 2
Refer: 94 79 N 1 0 0 1 0 0 3
EndChar
