
StartChar: Obreve
Encoding: 334 334 307
Width: 630
VWidth: 0
Flags: W
HStem: 0 90<224.241 352.72> 720 90<405 444.447> 959 90<150 180 450 480>
VStem: 75 90<216.094 657.455> 225 90<248 652> 465 90<125 376.051>
DStem2: 288 878 315 970 0.8 -0.6<-135 -33.6> 450 959 408 1040 0.8 0.6<-101.4 0> 465 125 341 1 0.970142 0.242536<-161.105 3.51957>
LayerCount: 2
Fore
Refer: 355 774 N 1 0 0 1 120 284 2
Refer: 94 79 N 1 0 0 1 0 0 3
EndChar
