
StartChar: Ograve
Encoding: 210 210 496
Width: 630
VWidth: 0
Flags: W
HStem: 0 90<224.241 352.72> 720 90<405 444.447> 869 90<390 420> 959 90<210 240>
VStem: 75 90<216.094 657.455> 225 90<248 652> 465 90<125 376.051>
DStem2: 282 1040 240 959 0.8 -0.6<15 135> 465 125 341 1 0.970142 0.242536<-161.105 3.51957>
LayerCount: 2
Fore
Refer: 196 768 S 1 0 0 1 180 284 2
Refer: 94 79 N 1 0 0 1 0 0 3
EndChar
