
StartChar: Otilde
Encoding: 213 213 499
Width: 630
VWidth: 0
Flags: W
HStem: 0 90<224.241 352.72> 720 90<405 444.447> 914 90<134 179 449 494>
VStem: 75 90<216.094 657.455> 225 90<248 652> 465 90<125 376.051>
DStem2: 281 1040 254 948 0.798968 -0.601374<33.7542 116.4> 465 125 341 1 0.970142 0.242536<-161.105 3.51957>
LayerCount: 2
Fore
Refer: 200 771 N 1 0 0 1 104 284 2
Refer: 94 79 N 1 0 0 1 0 0 3
EndChar
