
StartChar: Racute
Encoding: 340 340 311
Width: 570
VWidth: 0
Flags: W
HStem: 0 90<45 75 507 525> 720 90<45 75> 869 90<165 195> 959 90<345 375>
VStem: 75 90<90 647>
DStem2: 165 748 165 647 0.894427 0.447214<0 95.7037> 195 959 237 878 0.8 0.6<0 120> 355 383 260 369 0.462566 -0.886585<0 330.079> 267 421 355 383 0.678637 0.734474<31.81 222.193> 332 797 291 710 0.707107 -0.707107<32.5269 211.425>
LayerCount: 2
Fore
Refer: 201 769 N 1 0 0 1 135 284 2
Refer: 97 82 N 1 0 0 1 0 0 3
EndChar
