
StartChar: Rcaron
Encoding: 344 344 315
Width: 570
VWidth: 0
Flags: W
HStem: 0 90<45 75 507 525> 720 90<45 75> 959 90<134 164 434 464>
VStem: 75 90<90 647>
DStem2: 165 748 165 647 0.894427 0.447214<0 95.7037> 355 383 260 369 0.462566 -0.886585<0 330.079> 267 421 355 383 0.678637 0.734474<31.81 222.193> 332 797 291 710 0.707107 -0.707107<32.5269 211.425> 272 878 299 970 0.8 -0.6<-135 -33.6> 434 959 392 1040 0.8 0.6<-101.4 0>
LayerCount: 2
Fore
Refer: 198 780 S 1 0 0 1 104 284 2
Refer: 97 82 N 1 0 0 1 0 0 3
EndChar
