
StartChar: Rcommaaccent
Encoding: 342 342 313
Width: 570
VWidth: 0
Flags: W
HStem: -179 90<210 240> -89 90<330 360> 0 90<45 75 507 525> 720 90<45 75>
VStem: 75 90<90 647> 240 90<-134 -44>
DStem2: 165 748 165 647 0.894427 0.447214<0 95.7037> 355 383 260 369 0.462566 -0.886585<0 330.079> 267 421 355 383 0.678637 0.734474<31.81 222.193> 332 797 291 710 0.707107 -0.707107<32.5269 211.425>
LayerCount: 2
Fore
Refer: 199 806 S 1 0 0 1 180 1 2
Refer: 97 82 N 1 0 0 1 0 0 3
EndChar
