
StartChar: Sacute
Encoding: 346 346 317
Width: 615
VWidth: 0
Flags: W
HStem: 45 90<75 141.562> 405 90<173.107 438.669> 675 90<487.965 555> 869 90<209 239> 959 90<389 419>
VStem: 75 90<500.61 684> 465 90<126 377.948>
DStem2: 110 764 165 684 0.977176 0.21243<32.5168 201.511 242.303 453.574> 239 959 281 878 0.8 0.6<0 120> 301 91 309 1 0.977802 0.209529<0 172.216>
LayerCount: 2
Fore
Refer: 201 769 N 1 0 0 1 179 284 2
Refer: 98 83 N 1 0 0 1 0 0 3
Substitution2: "'cv01' Alternatives S-1" Sacute.alt
EndChar
