
StartChar: Sacute.alt
Encoding: 57372 57372 563
Width: 615
VWidth: 0
Flags: W
HStem: 0 90<224.262 352.72> 405 90<225 436.717> 675 90<518 555> 720 90<190.394 382> 869 90<209.5 239.5> 959 90<389.5 419.5>
VStem: 75 90<175.716 657.455> 465 90<125 378.404>
DStem2: 239.5 959 281.5 878 0.8 0.6<0 120> 406 807 382 720 0.936329 -0.351123<8.07584 119.616> 465 125 341 1 0.970142 0.242536<-161.105 5.13736>
LayerCount: 2
Fore
Refer: 201 769 N 1 0 0 1 179.5 284 2
Refer: 107 57371 N 1 0 0 1 0 0 3
EndChar
