
StartChar: Scaron
Encoding: 352 352 323
Width: 615
VWidth: 0
Flags: W
HStem: 45 90<75 141.562> 405 90<173.107 438.669> 675 90<487.965 555> 959 90<163 193 463 493>
VStem: 75 90<500.61 684> 465 90<126 377.948>
DStem2: 110 764 165 684 0.977176 0.21243<32.5168 201.511 242.303 453.574> 301 91 309 1 0.977802 0.209529<0 172.216> 301 878 328 970 0.8 -0.6<-135 -33.6> 463 959 421 1040 0.8 0.6<-101.4 0>
LayerCount: 2
Fore
Refer: 198 780 N 1 0 0 1 133 284 2
Refer: 98 83 N 1 0 0 1 0 0 3
Substitution2: "'cv01' Alternatives S-1" Scaron.alt
EndChar
