
StartChar: Scircumflex.alt
Encoding: 57373 57373 564
Width: 615
VWidth: 0
Flags: W
HStem: 0 90<224.262 352.72> 405 90<225 436.717> 675 90<518 555> 720 90<190.394 382> 869 90<165 195 465 495>
VStem: 75 90<175.716 657.455> 465 90<125 378.404>
DStem2: 195 959 237 878 0.8 0.6<0 101.4> 357 1040 330 948 0.8 -0.6<33.6 135> 406 807 382 720 0.936329 -0.351123<8.07584 119.616> 465 125 341 1 0.970142 0.242536<-161.105 5.13736>
LayerCount: 2
Fore
Refer: 354 770 N 1 0 0 1 135 284 2
Refer: 107 57371 N 1 0 0 1 0 0 3
EndChar
