
StartChar: Tcaron
Encoding: 356 356 327
Width: 600
VWidth: 0
Flags: W
HStem: 0 90<224.241 352.405> 45 90<488.438 555> 720 90<45 139 315 555> 959 90<135 165 435 465>
VStem: 75 90<216.094 608.67> 225 90<248 683>
DStem2: 273 878 300 970 0.8 -0.6<-135 -33.6> 325 90 341 1 0.969816 0.243839<-16.9153 212.085> 435 959 393 1040 0.8 0.6<-101.4 0>
LayerCount: 2
Fore
Refer: 198 780 N 1 0 0 1 105 284 2
Refer: 99 84 N 1 0 0 1 0 0 3
EndChar
