
StartChar: Ubreve
Encoding: 364 364 335
Width: 600
VWidth: 0
Flags: W
HStem: 0 90<525 555> 720 90<45 75 405 435> 945 90<119.909 149.818 419 448.909>
VStem: 75 90<163 720> 435 90<163 720>
DStem2: 165 163 100 95 0.894427 -0.447214<0 151.158> 257.491 864 284.409 956 0.799125 -0.601165<-134.738 -33.5349> 300 95 320 5 0.8931 0.449858<0 105.723> 419 945 377.127 1026 0.799125 0.601165<-101.203 0>
LayerCount: 2
Fore
Refer: 355 774 N 0.99697 0 0 1 90 270 2
Refer: 100 85 N 1 0 0 1 0 0 3
EndChar
