
StartChar: Udieresis
Encoding: 220 220 504
Width: 600
VWidth: 0
Flags: W
HStem: 0 90<525 555> 720 90<45 75 405 435> 871 120<128 218 368 458>
VStem: 75 90<163 720> 128 90<871 991> 368 90<871 991> 435 90<163 720>
DStem2: 165 163 100 95 0.894427 -0.447214<0 151.158> 300 95 320 5 0.8931 0.449858<0 105.723>
LayerCount: 2
Fore
Refer: 187 168 N 1 0 0 1 98 271 2
Refer: 100 85 N 1 0 0 1 0 0 3
Substitution2: "'ss01' Antiqua-Versalien-1" Udieresis.antiqua
EndChar
