
StartChar: Ugrave
Encoding: 217 217 501
Width: 600
VWidth: 0
Flags: W
HStem: 0 90<525 555> 720 90<45 75 405 435> 869 90<345 375> 959 90<165 195>
VStem: 75 90<163 720> 435 90<163 720>
DStem2: 165 163 100 95 0.894427 -0.447214<0 151.158> 237 1040 195 959 0.8 -0.6<15 135> 300 95 320 5 0.8931 0.449858<0 105.723>
LayerCount: 2
Fore
Refer: 196 768 S 1 0 0 1 135 284 2
Refer: 100 85 N 1 0 0 1 0 0 3
EndChar
