
StartChar: Uhungarumlaut
Encoding: 368 368 339
Width: 600
VWidth: 0
Flags: W
HStem: 0 90<525 555> 720 90<45 75 405 435> 869 90<135 156 300 321> 1004 90<294 315 459 480>
VStem: 75 90<163 720> 435 90<163 720>
DStem2: 165 163 100 95 0.894427 -0.447214<0 151.158> 156 959 217 889 0.556367 0.830937<0 114.171> 300 95 320 5 0.8931 0.449858<0 105.723> 321 959 382 889 0.556367 0.830937<0 114.171>
LayerCount: 2
Fore
Refer: 188 779 N 1 0 0 1 105 284 2
Refer: 100 85 N 1 0 0 1 0 0 3
EndChar
