
StartChar: Uring
Encoding: 366 366 337
Width: 600
VWidth: 0
Flags: W
HStem: 0 90<525 555> 720 90<45 75 405 435> 810 90<257.046 312.954> 960 90<257.046 312.954>
VStem: 75 90<163 720> 165 90<902.046 957.954> 315 90<902.046 957.954> 435 90<163 720>
DStem2: 165 163 100 95 0.894427 -0.447214<0 151.158> 300 95 320 5 0.8931 0.449858<0 105.723>
LayerCount: 2
Fore
Refer: 166 176 N 1 0 0 1 135 225 2
Refer: 100 85 N 1 0 0 1 0 0 3
EndChar
