
StartChar: Utilde
Encoding: 360 360 331
Width: 600
VWidth: 0
Flags: W
HStem: 0 90<525 555> 720 90<45 75 405 435> 914 90<113 158 428 473>
VStem: 75 90<163 720> 435 90<163 720>
DStem2: 165 163 100 95 0.894427 -0.447214<0 151.158> 260 1040 233 948 0.798968 -0.601374<33.7542 116.4> 300 95 320 5 0.8931 0.449858<0 105.723>
LayerCount: 2
Fore
Refer: 200 771 N 1 0 0 1 83 284 2
Refer: 100 85 N 1 0 0 1 0 0 3
EndChar
