
StartChar: Wcircumflex
Encoding: 372 372 343
Width: 960
VWidth: 0
Flags: W
HStem: 0 90<311 345 615 705> 720 90<45 75 615 763.601> 869 90<284 314 584 614>
VStem: 75 90<163 647> 435 90<163 647> 795 90<163 409.112>
DStem2: 165 163 100 95 0.894427 -0.447214<0 163.233> 165 748 165 647 0.8931 0.449858<0 105.723> 320 805 300 715 0.894427 -0.447214<22.3607 173.519> 314 959 356 878 0.8 0.6<0 101.4> 476 1040 449 948 0.8 -0.6<33.6 135> 525 163 460 95 0.894427 -0.447214<0 151.158> 660 95 680 5 0.894427 0.447214<0 157.006>
CounterMasks: 1 1c
LayerCount: 2
Fore
Refer: 354 770 S 1 0 0 1 254 284 2
Refer: 102 87 N 1 0 0 1 0 0 3
EndChar
