
StartChar: Yacute
Encoding: 221 221 505
Width: 600
VWidth: 0
Flags: W
HStem: -90 90<75 109> 720 90<45 75 405 435> 869 90<240 270> 869 180 959 90<420 450>
VStem: 75 90<163 720> 240 210 435 90<-17 62 163 720>
DStem2: 165 163 100 95 0.894427 -0.447214<0 151.158> 140 -5 109 -90 0.895472 -0.445118<10.0754 178.885> 270 959 312 878 0.8 0.6<0 120> 300 95 320 5 0.8931 0.449858<0 105.723> 300 -85 320 -175 0.894427 0.447214<0 151.158>
LayerCount: 2
Fore
Refer: 201 769 N 1 0 0 1 210 284 2
Refer: 104 89 N 1 0 0 1 0 0 3
EndChar
