
StartChar: Ycircumflex
Encoding: 374 374 345
Width: 600
VWidth: 0
Flags: W
HStem: -90 90<75 109> 720 90<45 75 405 435> 869 90<121 151 421 451>
VStem: 75 90<163 720> 435 90<-17 62 163 720>
DStem2: 165 163 100 95 0.894427 -0.447214<0 151.158> 140 -5 109 -90 0.895472 -0.445118<10.0754 178.885> 151 959 193 878 0.8 0.6<0 101.4> 313 1040 286 948 0.8 -0.6<33.6 135> 300 95 320 5 0.8931 0.449858<0 105.723> 300 -85 320 -175 0.894427 0.447214<0 151.158>
LayerCount: 2
Fore
Refer: 354 770 N 1 0 0 1 91 284 2
Refer: 104 89 N 1 0 0 1 0 0 3
EndChar
