
StartChar: Ydieresis
Encoding: 376 376 347
Width: 600
VWidth: 0
Flags: W
HStem: -90 90<75 109> 720 90<45 75 405 435> 871 120<127 217 367 457>
VStem: 75 90<163 720> 127 90<871 991> 367 90<871 991> 435 90<-17 62 163 720>
DStem2: 165 163 100 95 0.894427 -0.447214<0 151.158> 140 -5 109 -90 0.895472 -0.445118<10.0754 178.885> 300 95 320 5 0.8931 0.449858<0 105.723> 300 -85 320 -175 0.894427 0.447214<0 151.158>
LayerCount: 2
Fore
Refer: 187 168 S 1 0 0 1 97 271 2
Refer: 104 89 N 1 0 0 1 0 0 3
EndChar
