
StartChar: Zacute
Encoding: 377 377 348
Width: 615
VWidth: 0
Flags: W
HStem: -180 90<209.652 359.947> 90 90<206.137 345> 405 90<225 329> 720 90<75 328.933 511 555> 869 90<211 241> 959 90<391 421>
VStem: 75 90<-47.5631 54.4481> 465 90<70.3145 334.867>
DStem2: 241 959 283 878 0.8 0.6<0 120> 329 495 421 484 0.356131 0.934436<21.0744 186.243 275.051 275.064>
LayerCount: 2
Fore
Refer: 201 769 S 1 0 0 1 181 284 2
Refer: 105 90 N 1 0 0 1 0 0 3
EndChar
