
StartChar: Zcaron
Encoding: 381 381 352
Width: 615
VWidth: 0
Flags: W
HStem: -180 90<209.652 359.947> 90 90<206.137 345> 405 90<225 329> 720 90<75 328.933 511 555> 959 90<150 180 450 480>
VStem: 75 90<-47.5631 54.4481> 465 90<70.3145 334.867>
DStem2: 288 878 315 970 0.8 -0.6<-135 -33.6> 329 495 421 484 0.356131 0.934436<21.0744 186.243 275.051 275.064> 450 959 408 1040 0.8 0.6<-101.4 0>
LayerCount: 2
Fore
Refer: 198 780 N 1 0 0 1 120 284 2
Refer: 105 90 N 1 0 0 1 0 0 3
EndChar
