
StartChar: Zdotaccent
Encoding: 379 379 350
Width: 615
VWidth: 0
Flags: W
HStem: -180 90<209.652 359.947> 90 90<206.137 345> 405 90<225 329> 720 90<75 328.933 511 555>
VStem: 75 90<-47.5631 54.4481> 465 90<70.3145 334.867>
DStem2: 240 944 315 869 0.716471 0.697617<1.41409 106.075> 329 495 421 484 0.356131 0.934436<21.0744 186.243 275.051 275.064>
LayerCount: 2
Fore
Refer: 356 775 N 1 0 0 1 210 254 2
Refer: 105 90 N 1 0 0 1 0 0 3
EndChar
