
StartChar: abreve
Encoding: 259 259 238
Width: 465
VWidth: 0
Flags: W
HStem: 0 90<390 420> 405 90<390 420> 689 90<61 91 361 391>
VStem: 60 90<158 382> 300 90<158 382>
DStem2: 78 441 150 382 0.8 0.6<22.2 116.4> 150 158 78 99 0.8 -0.6<0 94.2> 252 531 225 439 0.770154 -0.637858<37.8887 78.499> 199 608 226 700 0.8 -0.6<-135 -33.6> 361 689 319 770 0.8 0.6<-101.4 0>
LayerCount: 2
Fore
Refer: 355 774 N 1 0 0 1 31 14 2
Refer: 1 97 N 1 0 0 1 0 0 3
EndChar
