
StartChar: acircumflex
Encoding: 226 226 508
Width: 465
VWidth: 0
Flags: W
HStem: 0 90<390 420> 405 90<390 420> 599 90<61 91 361 391>
VStem: 60 90<158 382> 300 90<158 382>
DStem2: 78 441 150 382 0.8 0.6<22.2 116.4> 150 158 78 99 0.8 -0.6<0 94.2> 91 689 133 608 0.8 0.6<0 101.4> 252 531 225 439 0.770154 -0.637858<37.8887 78.499> 253 770 226 678 0.8 -0.6<33.6 135>
LayerCount: 2
Fore
Refer: 354 770 N 1 0 0 1 31 14 2
Refer: 1 97 N 1 0 0 1 0 0 3
EndChar
