
StartChar: adieresis
Encoding: 228 228 510
Width: 465
VWidth: 0
Flags: W
HStem: 0 90<390 420> 405 90<390 420> 571 120<60 150 300 390>
VStem: 60 90<158 382 571 691> 300 90<158 382 571 691>
DStem2: 78 441 150 382 0.8 0.6<22.2 116.4> 150 158 78 99 0.8 -0.6<0 94.2> 252 531 225 439 0.770154 -0.637858<37.8887 78.499>
LayerCount: 2
Fore
Refer: 187 168 N 1 0 0 1 30 -29 2
Refer: 1 97 N 1 0 0 1 0 0 3
EndChar
