
StartChar: agrave
Encoding: 224 224 506
Width: 465
VWidth: 0
Flags: W
HStem: 0 90<390 420> 405 90<390 420> 585 90<300 330> 585 180 675 90<120 150>
VStem: 60 90<158 382> 120 210 300 90<158 382>
DStem2: 78 441 150 382 0.8 0.6<22.2 116.4> 150 158 78 99 0.8 -0.6<0 94.2> 192 756 150 675 0.8 -0.6<15 135> 252 531 225 439 0.770154 -0.637858<37.8887 78.499>
LayerCount: 2
Fore
Refer: 196 768 N 1 0 0 1 90 0 2
Refer: 1 97 N 1 0 0 1 0 0 3
EndChar
