
StartChar: approxequal
Encoding: 8776 8776 398
Width: 450
VWidth: 545
Flags: W
HStem: 225 90<45 90 360 405> 405 90<45 90 360 405>
DStem2: 192 531 165 439 0.798968 -0.601374<33.7542 116.4> 192 351 165 259 0.798968 -0.601374<33.7542 116.4>
LayerCount: 2
Fore
Refer: 397 8764 N 1 0 0 1 0 -90 2
Refer: 397 8764 N 1 0 0 1 0 90 2
EndChar
