
StartChar: arrowdbldown
Encoding: 8659 8659 394
Width: 584
VWidth: 0
Flags: W
VStem: 45 90<87 112> 179 90<42 810> 315 90<42 810> 449 90<87 112>
DStem2: 260 -167 292 -71 0.705359 -0.708851<-268.218 -205.284 -77.2961 -45.4782> 526 36 449 87 0.705359 0.708851<-240.901 -209.083 -81.0953 -18.1612>
LayerCount: 2
Fore
Refer: 392 8657 N -1 0 0 -1 584 630 2
EndChar
