
StartChar: arrowdblright
Encoding: 8658 8658 393
Width: 1080
VWidth: 0
Flags: W
HStem: 38 90<743 768> 172 90<45 813> 308 90<45 813> 442 90<743 768>
DStem2: 926 285 1022 317 0.708851 -0.705359<-222.74 -159.806 -31.818 0> 1022 253 926 285 0.708851 0.705359<-268.218 -205.284 -77.2961 -45.4782>
LayerCount: 2
Fore
Refer: 476 8656 N -1 0 0 -1 1080 570 2
EndChar
