
StartChar: asterisklow
Encoding: 8270 8270 383
Width: 420
VWidth: 620
Flags: W
HStem: 90 90<75 96 324 345> 225 90<45 126 294 375> 360 90<75 96 324 345>
DStem2: 157 430 96 360 0.5547 -0.83205<24.4068 78.4901 246.564 300.648> 96 180 157 110 0.5547 0.83205<0 54.0833 222.157 276.241>
CounterMasks: 1 e0
LayerCount: 2
Fore
Refer: 157 42 S 1 0 0 1 0 -360 2
EndChar
