
StartChar: braceright
Encoding: 125 125 172
Width: 420
VWidth: 530
Flags: W
HStem: -180 90<45 96> 270 90<324 375> 720 90<45 96>
VStem: 165 90<14 166 464 616>
DStem2: 165 616 247 655 0.5547 -0.83205<-124.808 0> 247 -25 165 14 0.5547 0.83205<-137.843 -13.0355> 246 315 324 360 0.552951 -0.833214<-119.172 0> 324 270 246 315 0.552951 0.833214<-124.808 -5.63556>
CounterMasks: 1 e0
LayerCount: 2
Fore
Refer: 156 123 N -1 0 0 -1 420 630 2
EndChar
