
StartChar: cacute
Encoding: 263 263 242
Width: 450
VWidth: 0
Flags: W
HStem: 405 90<353 390> 599 90<120 150> 689 90<300 330>
VStem: 60 90<158 382> 300 90<158 180>
DStem2: 78 441 150 382 0.8 0.6<22.2 125> 150 158 78 99 0.8 -0.6<0 94.2> 150 689 192 608 0.8 0.6<0 120> 225 101 252 9 0.8 0.6<0 94.2> 241 537 232 444 0.936329 -0.351123<24.2275 119.616>
LayerCount: 2
Fore
Refer: 201 769 N 1 0 0 1 90 14 2
Refer: 3 99 N 1 0 0 1 0 0 3
EndChar
