
StartChar: dblasterisk
Encoding: 8273 8273 384
Width: 420
VWidth: 620
Flags: W
HStem: 0 90<75 96 324 345> 135 90<45 126 294 375> 270 90<75 96 324 345> 450 90<75 96 324 345> 585 90<45 126 294 375> 720 90<75 96 324 345>
DStem2: 157 790 96 720 0.5547 -0.83205<24.4068 78.4901 246.564 300.648> 96 540 157 470 0.5547 0.83205<0 54.0833 222.157 276.241> 157 340 96 270 0.5547 -0.83205<24.4068 78.4901 246.564 300.648> 96 90 157 20 0.5547 0.83205<0 54.0833 222.157 276.241>
LayerCount: 2
Fore
Refer: 157 42 N 1 0 0 1 0 0 2
Refer: 157 42 N 1 0 0 1 0 -450 2
EndChar
