
StartChar: dcroat
Encoding: 273 273 252
Width: 465
VWidth: 1076
Flags: W
HStem: 592 90<285 315> 705 90<75 105> 720 90<291 315>
VStem: 75 90<158 382> 315 90<158 382>
DStem2: 165 158 93 99 0.8 -0.6<0 94.2> 147 786 105 705 0.8 -0.6<15 58.6 152.8 172.8> 140 679 185 593 0.636881 0.770962<-37.643 0 93.7221 127.779> 185 593 165 495 0.799135 -0.601151<0 42.9301 136.53 230.73> 240 101 267 9 0.8 0.6<0 94.2>
LayerCount: 2
Fore
Refer: 35 240 N 1 0 0 1 0 0 2
EndChar
