
StartChar: dcroat
Encoding: 273 273 252
Width: 465
VWidth: 1076
Flags: HW
HStem: 0 21<235 245> 790 20<263.5 315>
VStem: 75 90<158 382> 315 90<158 382>
DStem2: 185 593 165 495 0.799135 -0.601151<0 42.9301 136.53 230.73>
LayerCount: 2
Fore
Refer: 35 240 N 1 0 0 1 0 0 2
EndChar
