
StartChar: dotaccentcmb
Encoding: 775 775 356
Width: 210
VWidth: 1976
Flags: W
DStem2: 30 690 105 615 0.716471 0.697617<1.41409 106.075>
LayerCount: 2
Fore
Refer: 123 46 N 1 0 0 1 -15 645 2
EndChar
