
StartChar: dotmath
Encoding: 8901 8901 406
Width: 240
VWidth: 1391
Flags: W
HStem: 285 149
VStem: 45 150
DStem2: 45 360 120 285 0.716471 0.697617<1.41409 106.075>
LayerCount: 2
Fore
Refer: 192 183 N 1 0 0 1 0 0 2
EndChar
