
StartChar: ebreve
Encoding: 277 277 256
Width: 450
VWidth: 0
Flags: W
HStem: 689 90<60 90 360 390>
VStem: 60 90<158 202 315 382> 300 90<158 180>
DStem2: 78 441 150 382 0.8 0.6<22.2 116.4> 150 158 78 99 0.8 -0.6<0 94.2> 150 315 150 202 0.799135 0.601151<0 150> 198 608 225 700 0.8 -0.6<-135 -33.6> 225 101 252 9 0.8 0.6<0 94.2> 360 689 318 770 0.8 0.6<-101.4 0>
LayerCount: 2
Fore
Refer: 355 774 N 1 0 0 1 30 14 2
Refer: 5 101 N 1 0 0 1 0 0 3
EndChar
