
StartChar: edieresis
Encoding: 235 235 515
Width: 450
VWidth: 0
Flags: W
HStem: 569 120<60 150 300 390>
VStem: 60 90<158 202 315 382 569 689> 300 90<158 180 569 689>
DStem2: 78 441 150 382 0.8 0.6<22.2 116.4> 150 158 78 99 0.8 -0.6<0 94.2> 150 315 150 202 0.799135 0.601151<0 150> 225 101 252 9 0.8 0.6<0 94.2>
LayerCount: 2
Fore
Refer: 187 168 S 1 0 0 1 30 -31 2
Refer: 5 101 N 1 0 0 1 0 0 3
EndChar
