
StartChar: edotaccent
Encoding: 279 279 258
Width: 450
VWidth: 0
Flags: W
HStem: 599 149
VStem: 60 90<158 202 315 382> 151 150 300 90<158 180>
DStem2: 78 441 150 382 0.8 0.6<22.2 116.4> 150 158 78 99 0.8 -0.6<0 94.2> 150 315 150 202 0.799135 0.601151<0 150> 151 674 226 599 0.716471 0.697617<1.41409 106.075> 225 101 252 9 0.8 0.6<0 94.2>
LayerCount: 2
Fore
Refer: 356 775 S 1 0 0 1 121 -16 2
Refer: 5 101 N 1 0 0 1 0 0 3
EndChar
