
StartChar: elevenroman
Encoding: 8570 8570 450
Width: 660
VWidth: 1076
Flags: W
HStem: 0 90<45 105 375 435> 1 90<585 615> 202 90<75 195 285 405> 405 90<45 105 375 435> 406 90<465 495>
VStem: 195 90<158 202 292 338> 495 90<91 406 571 691>
DStem2: 147 486 105 405 0.798968 -0.601374<15.1546 116.4> 105 90 147 9 0.798968 0.601374<0 101.246> 240 416 285 338 0.798968 0.601374<0 101.246> 285 158 240 79 0.798968 -0.601374<11.555 112.801>
LayerCount: 2
Fore
Refer: 9 105 S 1 0 0 1 420 1 2
Refer: 26 120 N 1 0 0 1 0 0 2
EndChar
