
StartChar: ellipsis
Encoding: 8230 8230 370
Width: 720
VWidth: 0
Flags: W
DStem2: 45 45 120 -30 0.716471 0.697617<1.41409 106.075> 285 45 360 -30 0.716471 0.697617<1.41409 106.075> 525 45 600 -30 0.716471 0.697617<1.41409 106.075>
LayerCount: 2
Fore
Refer: 123 46 N 1 0 0 1 480 0 2
Refer: 123 46 N 1 0 0 1 240 0 2
Refer: 123 46 N 1 0 0 1 0 0 2
EndChar
