
StartChar: exclamdown
Encoding: 161 161 177
Width: 285
VWidth: 1076
Flags: W
HStem: -180 90<120 150> 360 90<0 30>
VStem: 30 90<-90 360>
DStem2: 135 585 60 660 0.707107 0.707107<-106.066 0>
LayerCount: 2
Fore
Refer: 128 33 N -1 0 0 -1 195 630 2
EndChar
