
StartChar: exclam_question
Encoding: 8265 8265 382
Width: 734
VWidth: 0
Flags: W
HStem: 180 90<165 195 494 524> 675 90<254 318.625> 720 90<45 75>
VStem: 75 90<270 720> 404 90<270 422> 584 90<568 648>
DStem2: 60 45 135 -30 0.707107 0.707107<0 106.066> 293 765 311 677 0.965322 0.261062<-37.6476 146.747> 389 45 464 -30 0.707107 0.707107<0 106.066> 429 490 494 422 0.893272 0.449517<27.4955 173.519> 486 805 458 717 0.877896 -0.478852<17.5579 161.214>
LayerCount: 2
Fore
Refer: 127 63 S 1 0 0 1 209 0 2
Refer: 128 33 N 1 0 0 1 0 0 2
Ligature2: "'liga' Ligaturen-1" exclam question
LCarets2: 1 0 
Ligature2: "'liga' Ligaturen-1" exclam question
EndChar
