
StartChar: exclam_exclam
Encoding: 8252 8252 379
Width: 449
VWidth: 0
Flags: W
HStem: 180 90<165 195 374 404> 720 90<45 75 254 284>
VStem: 75 90<270 720> 284 90<270 720>
DStem2: 60 45 135 -30 0.707107 0.707107<0 106.066> 269 45 344 -30 0.707107 0.707107<0 106.066>
LayerCount: 2
Fore
Refer: 128 33 N 1 0 0 1 209 0 2
Refer: 128 33 N 1 0 0 1 0 0 2
LCarets2: 1 0 
Ligature2: "'liga' Ligaturen-1" exclam exclam
Ligature2: "'liga' Ligaturen-1" exclam exclam
EndChar
