
StartChar: fivehundredroman
Encoding: 8574 8574 454
Width: 465
VWidth: 1076
Flags: W
HStem: 720 90<264 315>
VStem: 75 90<158 382> 315 90<158 382>
DStem2: 83 610 181 595 0.5547 0.83205<41.8799 191.926> 181 595 93 549 0.799135 -0.601151<0 47.329 140.929 235.129> 165 158 93 99 0.8 -0.6<0 94.2> 240 101 267 9 0.8 0.6<0 94.2>
LayerCount: 2
Fore
Refer: 4 100 N 1 0 0 1 0 0 2
EndChar
