
StartChar: four.inferior
Encoding: 8324 8324 469
Width: 480
VWidth: -570
Flags: W
HStem: -180 90<375 405> -90 90<165 285>
VStem: 285 90<0 105>
DStem2: 93 74 165 15 0.800914 0.598779<22.3379 172.338>
LayerCount: 2
Fore
Refer: 459 8308 N 1 0 0 1 0 -570 2
EndChar
