
StartChar: gdotaccent
Encoding: 289 289 268
Width: 480
VWidth: 0
Flags: W
HStem: -180 90 -90 90<75 105> 405 90<405 435>
VStem: 75 90<158 382> 315 90<-22 45 158 382>
DStem2: 93 441 165 382 0.8 0.6<22.2 116.4> 165 158 93 99 0.8 -0.6<0 94.2> 147 -9 105 -90 0.8 -0.6<15 116.4> 166 674 241 599 0.716471 0.697617<1.41409 106.075> 240 -79 267 -171 0.8 0.6<0 94.2>
LayerCount: 2
Fore
Refer: 356 775 N 1 0 0 1 136 -16 2
Refer: 7 103 N 1 0 0 1 0 0 3
EndChar
