
StartChar: guillemotright
Encoding: 187 187 229
Width: 460
VWidth: 0
Flags: HW
HStem: 45 90<45 62 210 227> 405 90<45 62 210 227>
DStem2: 130 270 220 290 0.447214 -0.894427<-151.158 0> 220 250 130 270 0.447214 0.894427<-173.519 -22.3607> 295 270 385 290 0.447214 -0.894427<-151.158 0> 385 250 295 270 0.447214 0.894427<-173.519 -22.3607>
LayerCount: 2
Fore
Refer: 222 171 N -1 0 0 -1 460 540 2
EndChar
