
StartChar: hcircumflex
Encoding: 293 293 272
Width: 465
VWidth: 0
Flags: W
HStem: -180 90<192 218> 0 90<45 75> 720 90<165 195> 869 90<75 105 375 405>
VStem: 75 90<90 382 495 720> 315 90<31 382>
DStem2: 105 959 147 878 0.8 0.6<0 101.4> 218 -90 275 -163 0.624695 0.780869<0 155.081> 267 1040 240 948 0.8 -0.6<33.6 135> 267 531 240 439 0.8 -0.6<33.6 127.8>
LayerCount: 2
Fore
Refer: 354 770 S 1 0 0 1 45 284 2
Refer: 8 104 N 1 0 0 1 0 0 3
EndChar
