
StartChar: hyphendot
Encoding: 8231 8231 371
Width: 240
VWidth: 1391
Flags: W
DStem2: 45 360 120 285 0.716471 0.697617<1.41409 106.075>
LayerCount: 2
Fore
Refer: 192 183 N 1 0 0 1 0 0 2
EndChar
