
StartChar: itilde
Encoding: 297 297 276
Width: 240
VWidth: 0
Flags: W
HStem: 0 90<165 195> 405 90<45 75> 644 90<-60 -15 255 300>
VStem: 75 90<90 405>
DStem2: 87 770 60 678 0.798968 -0.601374<33.7542 116.4>
LayerCount: 2
Fore
Refer: 200 771 N 1 0 0 1 -90 14 2
Refer: 31 305 N 1 0 0 1 0 0 3
EndChar
