
StartChar: ldot
Encoding: 320 320 295
Width: 420
VWidth: 0
Flags: W
HStem: 0 90<45 75> 285 149 720 90<165 195>
VStem: 75 90<90 720> 225 150
DStem2: 225 360 300 285 0.716471 0.697617<1.41409 106.075>
LayerCount: 2
Fore
Refer: 192 183 N 1 0 0 1 180 0 2
Refer: 12 108 N 1 0 0 1 0 0 2
EndChar
