
StartChar: nineroman
Encoding: 8568 8568 448
Width: 660
VWidth: 1076
Flags: W
HStem: 0 90<165 195 225 285 555 615> 202 90<255 375 465 585> 405 90<45 75 225 285 555 615>
VStem: 75 90<90 405 570 690> 375 90<158 202 292 338>
DStem2: 327 486 285 405 0.798968 -0.601374<15.1546 116.4> 285 90 327 9 0.798968 0.601374<0 101.246> 420 416 465 338 0.798968 0.601374<0 101.246> 465 158 420 79 0.798968 -0.601374<11.555 112.801>
LayerCount: 2
Fore
Refer: 9 105 N 1 0 0 1 0 0 2
Refer: 26 120 S 1 0 0 1 180 0 2
EndChar
