
StartChar: ntilde
Encoding: 241 241 520
Width: 480
VWidth: 0
Flags: W
HStem: 0 90<165 195 405 435> 405 90<45 75> 644 90<45 90 360 405>
VStem: 75 90<90 382> 315 90<90 382>
DStem2: 192 770 165 678 0.798968 -0.601374<33.7542 116.4> 267 531 240 439 0.8 -0.6<33.6 127.8>
LayerCount: 2
Fore
Refer: 200 771 S 1 0 0 1 15 14 2
Refer: 14 110 N 1 0 0 1 0 0 3
EndChar
