
StartChar: ohungarumlaut
Encoding: 337 337 310
Width: 450
VWidth: 0
Flags: W
HStem: 587 90<75 96 240 261> 722 90<234 255 399 420>
VStem: 60 90<158 382> 300 90<158 382>
DStem2: 78 441 150 382 0.8 0.6<22.2 116.4> 150 158 78 99 0.8 -0.6<0 94.2> 96 677 157 607 0.556367 0.830937<0 114.171> 252 531 225 439 0.8 -0.6<33.6 127.8> 225 101 252 9 0.8 0.6<0 94.2> 261 677 322 607 0.556367 0.830937<0 114.171>
LayerCount: 2
Fore
Refer: 188 779 N 1 0 0 1 45 2 2
Refer: 15 111 N 1 0 0 1 0 0 3
EndChar
