
StartChar: oneeighth
Encoding: 8539 8539 420
Width: 840
VWidth: 955
Flags: W
HStem: 0 90<140 172> 390 90<195 225> 720 90<75 105 588 620>
VStem: 105 90<480 720>
DStem2: 172 90 240 25 0.447728 0.89417<0 749.582>
LayerCount: 2
Fore
Refer: 463 8312 N 1 0 0 1 360 -389 2
Refer: 477 8543 S 1 0 0 1 0 0 2
EndChar
