
StartChar: onefifth
Encoding: 8533 8533 414
Width: 900
VWidth: 955
Flags: W
HStem: 0 90<140 172> 90 90<495 525> 330 90<595 825> 390 90<195 225> 720 90<75 105 588 620>
VStem: 105 90<480 720>
DStem2: 172 90 240 25 0.447728 0.89417<0 749.582> 595 330 513 279 0.8 -0.6<0 205> 567 171 525 90 0.8 -0.6<15 116.4>
LayerCount: 2
Fore
Refer: 470 8325 N 1 0 0 1 420 180 2
Refer: 477 8543 N 1 0 0 1 0 0 2
EndChar
