
StartChar: onehalf
Encoding: 189 189 231
Width: 840
VWidth: 955
Flags: W
HStem: 0 90<140 172 535 765> 240 90<435 465> 390 90<195 225> 720 90<75 105 588 620>
VStem: 105 90<480 720>
DStem2: 172 90 240 25 0.447728 0.89417<0 749.582> 453 141 535 90 0.8 0.6<35 240> 465 330 507 249 0.8 0.6<0 101.4>
LayerCount: 2
Fore
Refer: 224 178 N 1 0 0 1 360 -390 2
Refer: 477 8543 S 1 0 0 1 0 0 2
EndChar
