
StartChar: onenumerator
Encoding: 8543 8543 477
Width: 420
VWidth: 955
Flags: W
HStem: 0 90<140 172> 390 90<195 225> 720 90<75 105 588 620>
VStem: 105 90<480 720>
DStem2: 172 90 240 25 0.447728 0.89417<0 749.582>
LayerCount: 2
Fore
Refer: 227 185 N 1 0 0 1 30 0 2
Refer: 153 47 S 1 0 0 1 95 0 2
EndChar
