
StartChar: oneninth
Encoding: 8529 8529 479
Width: 840
VWidth: 955
Flags: W
HStem: 0 90<140 172> 90 90<435 465> 390 90<195 225> 720 90<75 105 588 620>
VStem: 105 90<480 720> 675 90<158 195>
DStem2: 172 90 240 25 0.447728 0.89417<0 749.582> 555 285 453 249 0.8 -0.6<0 56.4> 507 171 465 90 0.8 -0.6<15 116.4> 600 101 627 9 0.8 0.6<0 94.2>
LayerCount: 2
Fore
Refer: 464 8313 N 1 0 0 1 360 -390 2
Refer: 477 8543 S 1 0 0 1 0 0 2
EndChar
