
StartChar: onequarter
Encoding: 188 188 230
Width: 840
VWidth: 955
Flags: W
HStem: 0 90<140 172 735 765> 90 90<525 645> 390 90<195 225> 720 90<75 105 588 620>
VStem: 105 90<480 720> 645 90<180 285>
DStem2: 172 90 240 25 0.447728 0.89417<0 749.582> 453 254 525 195 0.800914 0.598779<22.3379 172.338>
LayerCount: 2
Fore
Refer: 459 8308 N 1 0 0 1 360 -390 2
Refer: 477 8543 N 1 0 0 1 -1.52588e-05 0 2
EndChar
