
StartChar: oneseventh
Encoding: 8528 8528 478
Width: 870
VWidth: 955
Flags: W
HStem: 0 90<140 172 670 690> 330 90<465 680> 390 90<195 225> 720 90<75 105 588 620>
VStem: 105 90<480 720>
DStem2: 172 90 240 25 0.447728 0.89417<0 749.582> 559 64 670 90 0.414061 0.910249<69.6272 292.228>
LayerCount: 2
Fore
Refer: 462 8311 N 1 0 0 1 390 -390 2
Refer: 477 8543 S 1 0 0 1 0 0 2
EndChar
