
StartChar: onesixth
Encoding: 8537 8537 418
Width: 840
VWidth: 955
Flags: W
HStem: 0 90<140 172> 240 90<735 765> 390 90<195 225> 720 90<75 105 588 620>
VStem: 105 90<480 720> 435 90<225 262>
DStem2: 172 90 240 25 0.447728 0.89417<0 749.582> 453 321 525 262 0.8 0.6<22.2 116.4> 627 411 600 319 0.8 -0.6<33.6 135> 627 261 600 169 0.8 -0.6<33.6 90>
LayerCount: 2
Fore
Refer: 461 8310 N 1 0 0 1 360 -390 2
Refer: 477 8543 S 1 0 0 1 0 0 2
EndChar
