
StartChar: onetenth
Encoding: 8530 8530 480
Width: 1080
VWidth: 955
Flags: W
HStem: 0 90<140 172 615 645> 330 90<495 525> 390 90<195 225> 720 90<75 105 588 620>
VStem: 105 90<480 720> 525 90<90 330> 675 90<161 265> 915 90<161 265>
DStem2: 172 90 240 25 0.447728 0.89417<0 749.582> 693 324 765 265 0.8 0.6<22.2 116.4> 765 161 693 102 0.8 -0.6<0 94.2> 867 414 840 322 0.8 -0.6<33.6 127.8> 840 104 867 12 0.8 0.6<0 94.2>
LayerCount: 2
Fore
Refer: 228 186 N 1 0 0 1 600 -387 2
Refer: 227 185 N 1 0 0 1 450 -390 2
Refer: 477 8543 S 1 0 0 1 0 0 2
EndChar
