
StartChar: onethird
Encoding: 8531 8531 412
Width: 840
VWidth: 955
Flags: W
HStem: 0 90<140 172> 90 90<435 465> 240 90<435 465> 390 90<195 225> 720 90<75 105 588 620>
VStem: 105 90<480 720>
DStem2: 172 90 240 25 0.447728 0.89417<0 749.582> 465 330 507 249 0.8 0.6<0 101.4> 507 171 465 90 0.8 -0.6<15 116.4>
LayerCount: 2
Fore
Refer: 225 179 N 1 0 0 1 360 -390 2
Refer: 477 8543 S 1 0 0 1 0 0 2
EndChar
