
StartChar: otilde
Encoding: 245 245 524
Width: 450
VWidth: 0
Flags: W
HStem: 644 90<45 90 360 405>
VStem: 60 90<158 382> 300 90<158 382>
DStem2: 78 441 150 382 0.8 0.6<22.2 116.4> 150 158 78 99 0.8 -0.6<0 94.2> 192 770 165 678 0.798968 -0.601374<33.7542 116.4> 252 531 225 439 0.8 -0.6<33.6 127.8> 225 101 252 9 0.8 0.6<0 94.2>
LayerCount: 2
Fore
Refer: 200 771 S 1 0 0 1 15 14 2
Refer: 15 111 N 1 0 0 1 0 0 3
EndChar
