
StartChar: pertenmill
Encoding: 8241 8241 373
Width: 1710
VWidth: 955
Flags: W
HStem: 0 90<224.5 256.5> 720 90<672.5 704.5>
VStem: 75 90<548 652> 315 90<548 652> 525 90<158 262> 765 90<158 262> 915 90<158 262> 1155 90<158 262> 1305 90<158 262> 1545 90<158 262>
DStem2: 93 711 165 652 0.8 0.6<22.2 116.4> 165 548 93 489 0.8 -0.6<0 94.2> 267 801 240 709 0.8 -0.6<33.6 127.8> 240 491 267 399 0.8 0.6<0 94.2> 256.5 90 324.5 25 0.447728 0.89417<0 749.582> 543 321 615 262 0.8 0.6<22.2 116.4> 615 158 543 99 0.8 -0.6<0 94.2> 717 411 690 319 0.8 -0.6<33.6 127.8> 690 101 717 9 0.8 0.6<0 94.2> 933 321 1005 262 0.8 0.6<22.2 116.4> 1005 158 933 99 0.8 -0.6<0 94.2> 1107 411 1080 319 0.8 -0.6<33.6 127.8> 1080 101 1107 9 0.8 0.6<0 94.2> 1323 321 1395 262 0.8 0.6<22.2 116.4> 1395 158 1323 99 0.8 -0.6<0 94.2> 1497 411 1470 319 0.8 -0.6<33.6 127.8> 1470 101 1497 9 0.8 0.6<0 94.2>
LayerCount: 2
Fore
Refer: 228 186 N 1 0 0 1 840 -390 2
Refer: 228 186 N 1 0 0 1 1230 -390 2
Refer: 131 37 N 1 0 0 1 0 0 2
EndChar
