
StartChar: question_exclam
Encoding: 8264 8264 381
Width: 720
VWidth: 0
Flags: W
HStem: 180 90<285 315 645 675> 675 90<45 109.625> 720 90<525 555>
VStem: 195 90<270 422> 375 90<568 648> 555 90<270 720>
DStem2: 84 765 102 677 0.965322 0.261062<-37.6476 146.747> 180 45 255 -30 0.707107 0.707107<0 106.066> 220 490 285 422 0.893272 0.449517<27.4955 173.519> 277 805 249 717 0.877896 -0.478852<17.5579 161.214> 540 45 615 -30 0.707107 0.707107<0 106.066>
CounterMasks: 1 1c
LayerCount: 2
Fore
Refer: 128 33 N 1 0 0 1 480 0 2
Refer: 127 63 N 1 0 0 1 0 0 2
Ligature2: "'liga' Ligaturen-1" question exclam
LCarets2: 1 0 
Ligature2: "'liga' Ligaturen-1" question exclam
EndChar
