
StartChar: questiondown
Encoding: 191 191 193
Width: 525
VWidth: 1076
Flags: W
HStem: -135 90<400.375 465> 360 90<195 225>
VStem: 45 90<-18 62> 225 90<208 360>
DStem2: 233 -175 261 -87 0.877896 -0.478852<-161.214 -17.5579> 290 140 225 208 0.893272 0.449517<-173.519 -27.4955> 330 585 255 660 0.707107 0.707107<-106.066 0> 426 -135 408 -47 0.965322 0.261062<-146.747 37.6476>
LayerCount: 2
Fore
Refer: 127 63 N -1 0 0 -1 510 630 2
EndChar
