
StartChar: sacute
Encoding: 347 347 318
Width: 450
VWidth: 0
Flags: W
HStem: 45 90<60 97> 405 90<353 390> 599 90<118 148> 689 90<298 328>
VStem: 60 90<306 382> 300 90<158 234>
DStem2: 78 441 150 382 0.8 0.6<22.2 125> 121 132 97 45 0.936329 -0.351123<8.07584 103.464> 148 689 190 608 0.8 0.6<0 120> 150 306 111 210 0.992034 0.125973<0 139.735> 218 96 252 9 0.8 0.6<0 102.8> 241 537 232 444 0.936329 -0.351123<24.2275 119.616>
LayerCount: 2
Fore
Refer: 201 769 N 1 0 0 1 88 14 2
Refer: 21 115 N 1 0 0 1 0 0 3
EndChar
