
StartChar: scaron
Encoding: 353 353 324
Width: 450
VWidth: 0
Flags: W
HStem: 45 90<60 97> 405 90<353 390> 689 90<60 90 360 390>
VStem: 60 90<306 382> 300 90<158 234>
DStem2: 78 441 150 382 0.8 0.6<22.2 125> 121 132 97 45 0.936329 -0.351123<8.07584 103.464> 150 306 111 210 0.992034 0.125973<0 139.735> 218 96 252 9 0.8 0.6<0 102.8> 198 608 225 700 0.8 -0.6<-135 -33.6> 241 537 232 444 0.936329 -0.351123<24.2275 119.616> 360 689 318 770 0.8 0.6<-101.4 0>
LayerCount: 2
Fore
Refer: 198 780 S 1 0 0 1 30 14 2
Refer: 21 115 N 1 0 0 1 0 0 3
EndChar
