
StartChar: semicolon
Encoding: 59 59 126
Width: 240
VWidth: 1076
Flags: W
HStem: -90 90<45 75> 90 90<165 195>
VStem: 75 90<0 90>
DStem2: 45 450 120 375 0.716471 0.697617<1.41409 106.075>
LayerCount: 2
Fore
Refer: 123 46 N 1 0 0 1 0 405 2
Refer: 124 44 N 1 0 0 1 0 0 2
EndChar
