
StartChar: seven.inferior
Encoding: 8327 8327 472
Width: 480
VWidth: -570
Flags: W
HStem: -180 90<280 300> 150 90<75 290>
DStem2: 169 -116 280 -90 0.414061 0.910249<69.6272 292.228>
LayerCount: 2
Fore
Refer: 462 8311 N 1 0 0 1 0 -570 2
EndChar
