
StartChar: tenroman
Encoding: 8569 8569 449
Width: 480
VWidth: 1076
Flags: W
HStem: 0 90<45 105 375 435> 202 90<75 195 285 405> 405 90<45 105 375 435>
VStem: 195 90<158 202 292 338>
DStem2: 147 486 105 405 0.798968 -0.601374<15.1546 116.4> 105 90 147 9 0.798968 0.601374<0 101.246> 240 416 285 338 0.798968 0.601374<0 101.246> 285 158 240 79 0.798968 -0.601374<11.555 112.801>
LayerCount: 2
Fore
Refer: 26 120 N 1 0 0 1 0 0 2
EndChar
