
StartChar: thousandroman
Encoding: 8575 8575 455
Width: 720
VWidth: 1076
Flags: W
HStem: 0 90<165 195 405 435 645 675> 405 90<45 75>
VStem: 75 90<90 382> 315 90<90 382> 555 90<90 382>
DStem2: 267 531 240 439 0.798968 -0.601374<33.7542 116.4> 360 461 405 382 0.798968 0.601374<0 82.6459> 507 531 480 439 0.8 -0.6<33.6 127.8>
CounterMasks: 1 38
LayerCount: 2
Fore
Refer: 13 109 N 1 0 0 1 0 0 2
EndChar
