
StartChar: twelveroman
Encoding: 8571 8571 451
Width: 840
VWidth: 1076
Flags: W
HStem: 0 90<45 105 375 435 585 615 765 795> 202 90<75 195 285 405> 405 90<45 105 375 435 465 495 645 675>
VStem: 195 90<158 202 292 338> 495 90<90 405 570 690> 675 90<90 405 570 690>
DStem2: 147 486 105 405 0.798968 -0.601374<15.1546 116.4> 105 90 147 9 0.798968 0.601374<0 101.246> 240 416 285 338 0.798968 0.601374<0 101.246> 285 158 240 79 0.798968 -0.601374<11.555 112.801>
LayerCount: 2
Fore
Refer: 9 105 N 1 0 0 1 420 0 2
Refer: 9 105 S 1 0 0 1 600 0 2
Refer: 26 120 N 1 0 0 1 0 0 2
EndChar
