
StartChar: uhungarumlaut
Encoding: 369 369 340
Width: 480
VWidth: 0
Flags: W
HStem: 0 90<405 435> 405 90<45 75 285 315> 599 90<73 94 238 259> 734 90<232 253 397 418>
VStem: 75 90<158 405> 315 90<158 405>
DStem2: 165 158 93 99 0.8 -0.6<0 94.2> 94 689 155 619 0.556367 0.830937<0 114.171> 259 689 320 619 0.556367 0.830937<0 114.171>
LayerCount: 2
Fore
Refer: 188 779 S 1 0 0 1 43 14 2
Refer: 23 117 N 1 0 0 1 0 0 3
EndChar
