
StartChar: uniFB07
Encoding: 64263 64263 408
Width: 690
VWidth: 1076
Flags: W
HStem: 0 90<615 645> 405 90<353 435 525 645> 630 90<525 555>
VStem: 60 90<158 382> 300 90<158 180> 435 90<158 405 495 630>
DStem2: 78 441 150 382 0.8 0.6<22.2 125> 150 158 78 99 0.8 -0.6<0 94.2> 225 101 252 9 0.8 0.6<0 94.2> 241 537 232 444 0.936329 -0.351123<24.2275 119.616> 525 158 453 99 0.8 -0.6<0 112.8>
LayerCount: 2
Fore
Refer: 186 57405 N 1 0 0 1 0 0 2
EndChar
