
StartChar: uniFB0C
Encoding: 64268 64268 411
Width: 705
VWidth: 531
Flags: W
HStem: -180 90<45 75 285 315> 0 90<525 555> 405 90<45 75 285 315> 720 90<495 555>
VStem: 75 90<-90 405 495 622> 315 90<-90 405 495 647> 555 90<90 720>
DStem2: 93 681 165 622 0.8 0.6<22.2 122.2> 355 728 405 652 0.80196 0.597378<0 107.495>
CounterMasks: 1 0e
LayerCount: 2
Fore
Refer: 179 57348 N 1 0 0 1 0 0 2
EndChar
