
StartChar: uniFB0B
Encoding: 64267 64267 410
Width: 720
VWidth: 531
Flags: W
HStem: -180 90<45 75 285 315> 0 90<645 675> 405 90<45 75 285 315 525 555>
VStem: 75 90<-90 405 495 622> 315 90<-90 405 495 647> 555 90<90 405 600 652>
DStem2: 93 681 165 622 0.8 0.6<22.2 122.2> 355 728 405 652 0.80196 0.597378<0 88.8948> 507 801 480 709 0.8 -0.6<33.6 127.8>
CounterMasks: 1 1c
LayerCount: 2
Fore
Refer: 57 57412 N 1 0 0 1 0 0 2
EndChar
