
StartChar: utilde
Encoding: 361 361 332
Width: 480
VWidth: 0
Flags: W
HStem: 0 90<405 435> 405 90<45 75 285 315> 644 90<45 90 360 405>
VStem: 75 90<158 405> 315 90<158 405>
DStem2: 165 158 93 99 0.8 -0.6<0 94.2> 192 770 165 678 0.798968 -0.601374<33.7542 116.4>
LayerCount: 2
Fore
Refer: 200 771 N 1 0 0 1 15 14 2
Refer: 23 117 N 1 0 0 1 0 0 3
EndChar
