
StartChar: wcircumflex
Encoding: 373 373 344
Width: 705
VWidth: 0
Flags: W
HStem: 405 90<45 75 285 315 525 555> 599 90<179 209 479 509>
VStem: 75 90<158 405> 315 90<158 405> 555 90<158 405>
DStem2: 165 158 93 99 0.8 -0.6<0 94.2> 209 689 251 608 0.8 0.6<0 101.4> 240 101 267 9 0.798968 0.601374<0 82.6459> 371 770 344 678 0.8 -0.6<33.6 135> 405 158 360 79 0.798968 -0.601374<11.555 94.2009> 480 101 507 9 0.8 0.6<0 94.2>
CounterMasks: 1 38
LayerCount: 2
Fore
Refer: 354 770 S 1 0 0 1 149 14 2
Refer: 25 119 N 1 0 0 1 0 0 3
EndChar
