
StartChar: zacute
Encoding: 378 378 349
Width: 375
VWidth: 0
Flags: W
HStem: -120 90<45 71> 90 90 405 90<45 135> 599 90<75 105> 599 180 689 90<255 285>
VStem: 75 210 225 90<-22 112>
DStem2: 105 689 147 608 0.8 0.6<0 120> 116 255 216 232 0.668125 0.744049<49.6994 131.712> 216 232 123 189 0.798118 -0.602501<0 79.4832> 177 486 135 405 0.773957 -0.633238<18.7861 105.117> 154 -76 177 -171 0.773957 0.633238<0 89.1458>
LayerCount: 2
Fore
Refer: 201 769 N 1 0 0 1 45 14 2
Refer: 28 122 N 1 0 0 1 0 0 3
EndChar
