
StartChar: zdotaccent
Encoding: 380 380 351
Width: 375
VWidth: 0
Flags: W
HStem: -120 90<45 71> 90 90 405 90<45 135> 599 149
VStem: 120 150 225 90<-22 112>
DStem2: 116 255 216 232 0.668125 0.744049<49.6994 131.712> 120 674 195 599 0.716471 0.697617<1.41409 106.075> 216 232 123 189 0.798118 -0.602501<0 79.4832> 177 486 135 405 0.773957 -0.633238<18.7861 105.117> 154 -76 177 -171 0.773957 0.633238<0 89.1458>
LayerCount: 2
Fore
Refer: 356 775 N 1 0 0 1 90 -16 2
Refer: 28 122 N 1 0 0 1 0 0 3
EndChar
